$SPEC_ID:
No sample description was entered.
$SPEC_REM:
DET# 1
DETDESC# Easy-MCA 2k Ser:11231609
AP# Maestro Version 7.01
$DATE_MEA:
04/02/2026 12:45:15
$MEAS_TIM:
57 60
$DATA:
0 2047
       0
       0
       0
       0
       0
       0
       0
       0
       0
       0
       0
       0
       0
       0
       0
       0
       0
       0
       0
       0
       0
       0
       0
       0
       0
       0
       0
       0
       0
       0
       0
       0
       0
       0
       0
       0
       0
       0
       0
       0
       0
       0
       0
       0
       0
       0
       0
       0
       0
       0
      23
      49
      43
      46
      43
      38
      36
      35
      30
      32
      44
      45
      41
      32
      34
      43
      38
      40
      36
      28
      32
      35
      36
      26
      39
      29
      38
      27
      36
      32
      31
      27
      31
      30
      31
      30
      27
      25
      26
      24
      29
      35
      31
      34
      27
      31
      33
      24
      35
      23
      26
      25
      28
      35
      30
      35
      25
      23
      30
      22
      20
      35
      40
      19
      28
      25
      32
      23
      26
      32
      31
      24
      23
      24
      20
      28
      23
      33
      30
      27
      28
      26
      34
      33
      34
      21
      32
      25
      25
      27
      18
      19
      18
      32
      25
      25
      18
      32
      14
      18
      27
      26
      22
      32
      22
      22
      23
      26
      19
      29
      26
      23
      17
      16
      21
      23
      24
      28
      27
      28
      26
      39
      31
      31
      25
      21
      28
      28
      28
      32
      27
      35
      25
      31
      30
      24
      25
      25
      23
      21
      31
      21
      23
      22
      34
      23
      31
      30
      31
      27
      32
      26
      24
      34
      32
      24
      33
      28
      36
      33
      25
      37
      29
      36
      22
      25
      34
      30
      35
      33
      30
      25
      41
      35
      38
      34
      25
      35
      26
      37
      33
      33
      22
      35
      34
      20
      34
      34
      31
      50
      31
      33
      27
      36
      41
      50
      35
      37
      21
      38
      43
      47
      41
      42
      32
      53
      53
      26
      44
      45
      37
      52
      45
      34
      44
      43
      48
      47
      43
      50
      36
      51
      42
      50
      45
      39
      47
      51
      47
      52
      58
      48
      39
      47
      42
      39
      60
      64
      59
      57
      50
      61
      60
      72
      70
      60
      58
      56
      57
      56
      68
      65
      62
      47
      63
      66
      59
      68
      70
      48
      64
      71
     109
      83
      65
      75
      68
      72
      89
      75
      66
      73
      74
      95
      76
      88
      96
      90
      83
      95
      91
      96
      97
     110
      95
      97
     106
     104
      91
     127
     112
     115
     112
     129
     108
     131
     117
     101
     133
     141
     133
     119
     130
     147
     141
     174
     157
     156
     147
     157
     158
     138
     150
     170
     178
     154
     169
     163
     173
     174
     174
     195
     185
     189
     209
     217
     194
     225
     231
     197
     256
     201
     237
     254
     228
     234
     257
     245
     240
     255
     283
     286
     284
     274
     305
     283
     279
     288
     321
     315
     318
     328
     316
     328
     341
     356
     370
     356
     353
     410
     403
     441
     389
     425
     396
     472
     437
     441
     418
     458
     510
     458
     527
     469
     492
     549
     503
     520
     524
     530
     577
     527
     588
     600
     614
     653
     679
     635
     658
     688
     700
     702
     693
     761
     819
     783
     739
     799
     826
     792
     862
     824
     886
     890
     890
     907
     885
     879
     927
     973
    1048
    1106
    1061
     984
    1044
    1106
    1149
    1146
    1131
    1192
    1290
    1181
    1279
    1222
    1344
    1304
    1314
    1397
    1440
    1484
    1412
    1479
    1416
    1484
    1580
    1611
    1593
    1594
    1675
    1629
    1703
    1669
    1724
    1813
    1836
    1838
    1783
    1839
    1899
    1955
    2038
    2051
    1955
    2089
    2209
    2205
    2032
    2246
    2192
    2268
    2263
    2321
    2367
    2312
    2439
    2378
    2520
    2418
    2522
    2497
    2507
    2510
    2617
    2619
    2626
    2667
    2645
    2656
    2711
    2650
    2672
    2686
    2841
    2819
    2668
    2659
    2807
    2666
    2600
    2737
    2668
    2755
    2655
    2593
    2589
    2589
    2615
    2518
    2501
    2322
    2393
    2381
    2333
    2225
    2181
    2114
    2100
    1997
    2007
    1806
    1838
    1767
    1657
    1644
    1570
    1614
    1433
    1432
    1334
    1241
    1238
    1202
    1092
    1071
     965
     912
     892
     829
     745
     752
     689
     652
     560
     546
     500
     446
     456
     406
     423
     379
     346
     288
     312
     257
     219
     182
     203
     172
     170
     164
     124
     132
     124
     111
     113
      80
      82
      84
      77
      76
      54
      57
      68
      43
      47
      42
      40
      35
      34
      34
      36
      24
      26
      25
      23
      26
      28
      29
      28
      16
      17
      19
      20
      19
      18
      18
      16
      19
      15
      18
      14
      15
      17
      20
      11
      19
       8
      15
      12
      11
      21
      11
       9
      14
      20
      11
       7
      14
      10
      13
       6
       8
      17
      13
      17
      13
       8
      13
       7
      13
      12
       8
      15
       7
       5
       8
       8
      14
      11
       5
      11
      10
      13
       7
      13
       9
      18
       9
      15
      12
      16
      13
       8
      11
      10
      15
      11
      10
      12
      12
       9
      14
      14
      11
      13
      13
       9
      12
       8
      10
       9
      19
      10
       9
      10
      14
      14
       7
       5
      13
       8
       9
      12
       6
      17
      10
      10
       6
       8
       7
       9
      11
       9
      11
       9
      11
       6
       8
      10
      10
       6
       9
      11
      12
       9
       6
       8
       7
      10
      12
      12
       7
       7
      13
      10
       9
       8
       8
      11
      14
      12
      13
       9
      12
      13
       6
      11
       8
       9
       8
       7
      13
      11
      12
      12
      15
       8
       7
      15
      10
       4
       8
      11
      14
       7
       7
       9
       9
       5
      13
      11
      12
      17
       6
       5
       2
       9
      12
      12
      13
       8
       6
       9
       6
      10
      10
       8
      10
      11
      15
       5
      11
       6
       8
      10
      11
      10
      10
       8
      15
       5
       7
       8
       7
       6
      12
      12
       5
       8
      17
      13
      15
      12
      15
      16
      14
      14
      10
      10
       9
      11
       9
       8
       8
       7
      11
       8
      15
      14
      12
       9
      11
      10
      14
      12
      13
       9
      13
       7
       9
       7
      10
       7
      14
      11
       9
      14
       9
      13
       9
       8
      10
       4
      11
      10
       9
       9
      15
      14
      12
      14
      18
       7
      14
       7
       9
      14
      12
      14
      17
       9
      12
      11
      10
      11
      10
      10
      12
      14
      10
      10
      13
      10
      10
      12
      14
      13
      11
      12
      15
      11
       7
      11
       8
      15
      13
       8
      12
      13
      19
      11
      10
      13
      15
      10
      16
      20
      11
      14
      15
       7
      11
      19
      16
      11
       9
      12
      14
      12
      12
      14
      13
      10
      12
      11
       7
      11
      16
      12
      19
      17
       7
      13
      14
       9
      17
      21
      13
      14
      13
      10
      10
      14
       7
       2
      13
      19
       7
       6
       8
      10
      11
      14
      11
      14
      16
      10
       8
      14
      17
      16
      12
      13
      11
       7
      11
      15
      11
       9
      12
      14
      10
      16
      10
      11
      10
      12
      10
      13
      15
      15
      12
      10
       5
      14
      12
      13
       9
       7
      11
      10
      14
      11
       7
       6
      11
       9
       9
      13
      12
      11
       9
      10
      14
      13
      12
      13
       8
      14
       5
      13
       9
      14
       5
       9
       8
       7
      11
       5
      14
      14
      10
       8
      11
       8
       9
      11
       6
      12
       6
      14
      10
      10
       8
       9
      10
       7
       8
       9
       5
       9
       8
       9
      10
       3
       7
       6
       7
       4
       6
       9
      11
      10
       4
       4
       7
       3
       3
       4
       6
       5
       6
       2
       5
       6
       5
       7
       4
       1
       2
       4
       6
       6
       5
       3
       6
       1
       3
       3
       4
       3
       5
       4
       4
       2
       3
       3
       2
       1
       2
       4
       5
       1
       2
       3
       3
       1
       2
       5
       3
       2
       0
       0
       0
       3
       2
       0
       2
       2
       1
       1
       0
       1
       1
       0
       1
       1
       0
       1
       1
       0
       1
       1
       0
       0
       1
       1
       1
       1
       0
       2
       0
       0
       0
       1
       1
       0
       0
       0
       0
       0
       0
       0
       0
       0
       0
       0
       0
       0
       0
       0
       1
       0
       0
       0
       0
       0
       0
       1
       0
       0
       0
       0
       0
       0
       2
       0
       0
       0
       0
       0
       0
       0
       0
       0
       0
       0
       1
       0
       0
       0
       0
       0
       2
       0
       0
       0
       0
       0
       0
       0
       1
       0
       0
       0
       0
       0
       1
       1
       0
       0
       0
       0
       0
       0
       0
       0
       1
       0
       0
       0
       0
       0
       1
       0
       0
       0
       0
       0
       0
       0
       0
       0
       0
       0
       0
       0
       0
       0
       0
       0
       0
       0
       0
       0
       0
       0
       0
       1
       1
       0
       0
       0
       0
       0
       0
       0
       0
       0
       0
       0
       1
       0
       0
       0
       0
       0
       0
       0
       1
       0
       0
       0
       0
       0
       0
       1
       0
       0
       0
       0
       0
       0
       0
       1
       0
       0
       0
       0
       0
       0
       0
       0
       1
       0
       0
       0
       0
       0
       0
       0
       0
       2
       0
       0
       0
       0
       0
       0
       0
       0
       2
       0
       0
       0
       0
       0
       0
       1
       0
       0
       0
       0
       1
       0
       0
       0
       1
       0
       0
       0
       0
       0
       0
       0
       0
       0
       0
       0
       0
       0
       0
       1
       0
       0
       0
       0
       0
       1
       0
       0
       0
       0
       0
       1
       0
       0
       0
       0
       0
       1
       0
       0
       0
       0
       0
       0
       0
       0
       0
       0
       0
       0
       0
       0
       0
       0
       0
       0
       0
       0
       1
       0
       0
       0
       1
       0
       0
       0
       0
       0
       0
       0
       0
       0
       0
       0
       0
       0
       0
       0
       0
       0
       0
       0
       0
       0
       0
       0
       0
       0
       0
       0
       0
       0
       0
       0
       0
       0
       0
       0
       1
       0
       0
       0
       0
       0
       0
       0
       0
       0
       0
       1
       0
       0
       0
       0
       0
       0
       0
       0
       0
       0
       0
       0
       1
       1
       0
       0
       0
       0
       0
       0
       0
       0
       0
       0
       0
       0
       0
       0
       0
       0
       0
       0
       0
       0
       0
       0
       0
       0
       0
       0
       0
       0
       0
       0
       0
       0
       0
       0
       0
       0
       0
       0
       0
       0
       0
       0
       0
       0
       0
       0
       0
       0
       0
       0
       0
       0
       0
       1
       0
       0
       0
       0
       0
       0
       0
       1
       0
       0
       0
       0
       0
       0
       0
       0
       0
       0
       1
       0
       0
       0
       0
       0
       0
       0
       0
       0
       0
       0
       0
       0
       0
       0
       0
       0
       0
       0
       0
       0
       0
       0
       0
       0
       0
       0
       0
       0
       0
       0
       0
       0
       0
       0
       0
       0
       0
       0
       0
       0
       0
       0
       0
       0
       0
       0
       0
       0
       0
       0
       0
       0
       0
       0
       0
       0
       0
       0
       0
       0
       0
       0
       0
       0
       0
       0
       0
       0
       0
       0
       0
       0
       0
       0
       0
       0
       0
       0
       0
       0
       0
       0
       0
       0
       0
       0
       0
       0
       0
       0
       0
       0
       0
       0
       0
       0
       0
       0
       0
       0
       0
       0
       0
       0
       0
       0
       0
       0
       0
       0
       0
       0
       0
       0
       0
       0
       0
       0
       0
       0
       0
       0
       0
       0
       0
       0
       0
       0
       0
       0
       0
       0
       0
       0
       0
       0
       0
       0
       0
       0
       0
       0
       0
       0
       0
       0
       0
       0
       0
       0
       0
       0
       0
       0
       0
       0
       0
       0
       0
       0
       0
       0
       0
       0
       0
       0
       0
       0
       0
       0
       0
       0
       0
       0
       0
       0
       0
       0
       0
       0
       0
       0
       0
       0
       0
       0
       0
       0
       0
       0
       0
       0
       0
       0
       0
       0
       0
       0
       0
       0
       0
       0
       0
       0
       0
       0
       0
       0
       0
       0
       0
       0
       0
       0
       0
       0
       0
       0
       0
       0
       0
       0
       0
       0
       0
       0
       0
       0
       0
       0
       0
       0
       0
       0
       0
       0
       0
       0
       0
       0
       0
       0
       0
       0
       0
       0
       0
       0
       0
       0
       0
       0
       0
       0
       0
       0
       0
       0
       0
       0
       0
       0
       0
       0
       0
       0
       0
       0
       0
       0
       0
       0
       0
       0
       0
       0
       0
       0
       0
       0
       0
       0
       0
       0
       0
       0
       0
       0
       0
       0
       0
       0
       0
       0
       0
       0
       0
       0
       0
       0
       0
       0
       0
       0
       0
       0
       0
       0
       0
       0
       0
       0
       0
       0
       0
       0
       0
       0
       0
       0
       0
       0
       0
       0
       0
       0
       0
       0
       0
       0
       0
       0
       0
       0
       0
       0
       0
       0
       0
       0
       0
       0
       0
       0
       0
       0
       0
       0
       0
       0
       0
       0
       0
       0
       0
       0
       0
       0
       0
       0
       0
       0
       0
       0
       0
       0
       0
       0
       0
       0
       0
       0
       0
       0
       0
       0
       0
       0
       0
       0
       0
       0
       0
       0
       0
       0
       0
       0
       0
       0
       0
       0
       0
       0
       0
       0
       0
       0
       0
       0
       0
       0
       0
       0
       0
       0
       0
       0
       0
       0
       0
       0
       0
       0
       0
       0
       0
       0
       0
       0
       0
       0
       0
       0
       0
       0
       0
       0
       0
       0
       0
       0
       0
       0
       0
       0
       0
       0
       0
       0
       0
       0
       0
       0
       0
       0
       0
       0
       0
       0
       0
       0
       0
       0
       0
       0
       0
       0
       0
       0
       0
       0
       0
       0
       0
       0
       0
       0
       0
       0
       0
       0
       0
       0
       0
       0
       0
       0
       0
       0
       0
       0
       0
       0
       0
       0
       0
       0
       0
       0
       0
       0
       0
       0
       0
       0
       0
       0
       0
       0
       0
       0
       0
       0
       0
       0
       0
       0
       0
       0
       0
       0
       0
       0
       0
       0
       0
$ROI:
1
295 645
$PRESETS:
None
0
0
$ENER_FIT:
0.000000 0.000000
$MCA_CAL:
3
0.000000E+000 0.000000E+000 0.000000E+000 
$SHAPE_CAL:
3
0.000000E+000 0.000000E+000 0.000000E+000
